[gd_scene load_steps=6 format=2]

[ext_resource path="res://addons/multiplayer/NetworkGame.gd" type="Script" id=1]
[ext_resource path="res://player/player.tscn" type="PackedScene" id=2]
[ext_resource path="res://game/game.gd" type="Script" id=3]
[ext_resource path="res://levels/level.tscn" type="PackedScene" id=4]
[ext_resource path="res://astronaut/astronaut.tscn" type="PackedScene" id=5]

[node name="NetworkGame" type="Node"]
script = ExtResource( 1 )
port = 6666
ip = "gamedev.paulmethfessel.com"
player_scene = ExtResource( 2 )

[node name="game" type="Spatial" parent="."]
script = ExtResource( 3 )

[node name="Level" parent="game" instance=ExtResource( 4 )]
transform = Transform( 1, 0, 0, 0, 1, 0, 0, 0, 1, 0, 0, 0 )

[node name="astronaut" parent="game" instance=ExtResource( 5 )]
transform = Transform( -0.707107, 0, 0.707107, 0, 1, 0, -0.707107, 0, -0.707107, -2.04863, 0, 1.18837 )
targetNode = NodePath("../base_target")

[node name="DirectionalLight" type="DirectionalLight" parent="game"]
transform = Transform( 0.855898, 0.493938, 0.153181, -0.0861808, -0.15583, 0.984017, 0.509913, -0.85542, -0.0908067, 0, 0, 0 )
shadow_enabled = true
shadow_bias = 0.05
shadow_contact = 0.05

[node name="Camera" type="Camera" parent="game"]
transform = Transform( -0.5, 0.75, -0.433013, 0, 0.5, 0.866025, 0.866026, 0.433013, -0.25, -4.90293, 5.99114, 1.15056 )
current = true
fov = 67.7

[node name="base_target" type="Spatial" parent="game"]
transform = Transform( 1, 0, 0, 0, 1, 0, 0, 0, 1, -0.352186, 0, 18.2143 )
