[gd_scene load_steps=4 format=2]

[ext_resource path="res://levels/level.tscn" type="PackedScene" id=1]
[ext_resource path="res://models/gate_complex.glb" type="PackedScene" id=2]
[ext_resource path="res://crystal/crystal.tscn" type="PackedScene" id=3]

[node name="level_with_props" type="Spatial"]

[node name="level" parent="." instance=ExtResource( 1 )]

[node name="gate_complex" parent="." instance=ExtResource( 2 )]
transform = Transform( 1, 0, 0, 0, 1, 0, 0, 0, 1, -0.95643, 0.0140539, 14.6531 )

[node name="crystal" parent="." instance=ExtResource( 3 )]
transform = Transform( -0.301039, 0, -0.953612, 0, 1, 0, 0.953612, 0, -0.301039, 3.27217, 0, 14.0156 )

[node name="crystal2" parent="." instance=ExtResource( 3 )]
transform = Transform( -0.301039, 0, -0.953612, 0, 1, 0, 0.953612, 0, -0.301039, 11.7818, -4.76837e-07, 22.4241 )

[node name="crystal3" parent="." instance=ExtResource( 3 )]
transform = Transform( -0.301039, 0, -0.953612, 0, 1, 0, 0.953612, 0, -0.301039, 6.01764, 0, 26.9063 )

[node name="crystal4" parent="." instance=ExtResource( 3 )]
transform = Transform( -0.301039, 0, -0.953612, 0, 1, 0, 0.953612, 0, -0.301039, 0.777245, 0, 22.5096 )

[node name="crystal5" parent="." instance=ExtResource( 3 )]
transform = Transform( -0.301039, 0, -0.953612, 0, 1, 0, 0.953612, 0, -0.301039, -3.4666, 0, 20.9925 )

[node name="crystal6" parent="." instance=ExtResource( 3 )]
transform = Transform( -0.301039, 0, -0.953612, 0, 1, 0, 0.953612, 0, -0.301039, -3.28932, 0, 19.1365 )
